q=6.174368e-02
omega=1.000000e-01
