name.path <- c("/home/yamamori/calspa/MFEP/AD//committor_test_2013-03-24_bo_e_CG-FG_NH_2012-07-27/tau_1.0/mZ_50000.00/TZ_750/SB_NR4_wrefd0.1/nEX_1000/fq_10/anl/ADv_T=300.dtrj_1" "/home/yamamori/calspa/MFEP/AD//committor_test_2013-03-24_bo_e_CG-FG_NH_2012-07-27/tau_1.0/mZ_50000.00/TZ_750/SB_NR4_wrefd0.1/nEX_1000/fq_10/anl/ADv_T=300.dtrj_2" "/home/yamamori/calspa/MFEP/AD//committor_test_2013-03-24_bo_e_CG-FG_NH_2012-07-27/tau_1.0/mZ_50000.00/TZ_750/SB_NR4_wrefd0.1/nEX_1000/fq_10/anl/ADv_T=300.dtrj_3" "/home/yamamori/calspa/MFEP/AD//committor_test_2013-03-24_bo_e_CG-FG_NH_2012-07-27/tau_1.0/mZ_50000.00/TZ_750/SB_NR4_wrefd0.1/nEX_1000/fq_10/anl/ADv_T=300.dtrj_4" "/home/yamamori/calspa/MFEP/AD//committor_test_2013-03-24_bo_e_CG-FG_NH_2012-07-27/tau_1.0/mZ_50000.00/TZ_750/SB_NR4_wrefd0.1/nEX_1000/fq_10/anl/ADv_T=300.dtrj_5" "/home/yamamori/calspa/MFEP/AD//committor_test_2013-03-24_bo_e_CG-FG_NH_2012-07-27/tau_1.0/mZ_50000.00/TZ_750/SB_NR4_wrefd0.1/nEX_1000/fq_10/anl/ADv_T=300.dtrj_6" "/home/yamamori/calspa/MFEP/AD//committor_test_2013-03-24_bo_e_CG-FG_NH_2012-07-27/tau_1.0/mZ_50000.00/TZ_750/SB_NR4_wrefd0.1/nEX_1000/fq_10/anl/ADv_T=300.dtrj_7" "/home/yamamori/calspa/MFEP/AD//committor_test_2013-03-24_bo_e_CG-FG_NH_2012-07-27/tau_1.0/mZ_50000.00/TZ_750/SB_NR4_wrefd0.1/nEX_1000/fq_10/anl/ADv_T=300.dtrj_8" "/home/yamamori/calspa/MFEP/AD//committor_test_2013-03-24_bo_e_CG-FG_NH_2012-07-27/tau_1.0/mZ_50000.00/TZ_750/SB_NR4_wrefd0.1/nEX_1000/fq_10/anl/ADv_T=300.dtrj_9" "/home/yamamori/calspa/MFEP/AD//committor_test_2013-03-24_bo_e_CG-FG_NH_2012-07-27/tau_1.0/mZ_50000.00/TZ_750/SB_NR4_wrefd0.1/nEX_1000/fq_10/anl/ADv_T=300.dtrj_10" "/home/yamamori/calspa/MFEP/AD//committor_test_2013-03-24_bo_e_CG-FG_NH_2012-07-27/tau_1.0/mZ_50000.00/TZ_750/SB_NR4_wrefd0.1/nEX_1000/fq_10/anl/ADv_T=300.dtrj_11" "/home/yamamori/calspa/MFEP/AD//committor_test_2013-03-24_bo_e_CG-FG_NH_2012-07-27/tau_1.0/mZ_50000.00/TZ_750/SB_NR4_wrefd0.1/nEX_1000/fq_10/anl/ADv_T=300.dtrj_12" "/home/yamamori/calspa/MFEP/AD//committor_test_2013-03-24_bo_e_CG-FG_NH_2012-07-27/tau_1.0/mZ_50000.00/TZ_750/SB_NR4_wrefd0.1/nEX_1000/fq_10/anl/ADv_T=300.dtrj_13" "/home/yamamori/calspa/MFEP/AD//committor_test_2013-03-24_bo_e_CG-FG_NH_2012-07-27/tau_1.0/mZ_50000.00/TZ_750/SB_NR4_wrefd0.1/nEX_1000/fq_10/anl/ADv_T=300.dtrj_14" "/home/yamamori/calspa/MFEP/AD//committor_test_2013-03-24_bo_e_CG-FG_NH_2012-07-27/tau_1.0/mZ_50000.00/TZ_750/SB_NR4_wrefd0.1/nEX_1000/fq_10/anl/ADv_T=300.dtrj_15" "/home/yamamori/calspa/MFEP/AD//committor_test_2013-03-24_bo_e_CG-FG_NH_2012-07-27/tau_1.0/mZ_50000.00/TZ_750/SB_NR4_wrefd0.1/nEX_1000/fq_10/anl/ADv_T=300.dtrj_16" "/home/yamamori/calspa/MFEP/AD//committor_test_2013-03-24_bo_e_CG-FG_NH_2012-07-27/tau_1.0/mZ_50000.00/TZ_750/SB_NR4_wrefd0.1/nEX_1000/fq_10/anl/ADv_T=300.dtrj_17" "/home/yamamori/calspa/MFEP/AD//committor_test_2013-03-24_bo_e_CG-FG_NH_2012-07-27/tau_1.0/mZ_50000.00/TZ_750/SB_NR4_wrefd0.1/nEX_1000/fq_10/anl/ADv_T=300.dtrj_18" "/home/yamamori/calspa/MFEP/AD//committor_test_2013-03-24_bo_e_CG-FG_NH_2012-07-27/tau_1.0/mZ_50000.00/TZ_750/SB_NR4_wrefd0.1/nEX_1000/fq_10/anl/ADv_T=300.dtrj_19" "/home/yamamori/calspa/MFEP/AD//committor_test_2013-03-24_bo_e_CG-FG_NH_2012-07-27/tau_1.0/mZ_50000.00/TZ_750/SB_NR4_wrefd0.1/nEX_1000/fq_10/anl/ADv_T=300.dtrj_20" "/home/yamamori/calspa/MFEP/AD//committor_test_2013-03-24_bo_e_CG-FG_NH_2012-07-27/tau_1.0/mZ_50000.00/TZ_750/SB_NR4_wrefd0.1/nEX_1000/fq_10/anl/ADv_T=300.dtrj_21" "/home/yamamori/calspa/MFEP/AD//committor_test_2013-03-24_bo_e_CG-FG_NH_2012-07-27/tau_1.0/mZ_50000.00/TZ_750/SB_NR4_wrefd0.1/nEX_1000/fq_10/anl/ADv_T=300.dtrj_22" "/home/yamamori/calspa/MFEP/AD//committor_test_2013-03-24_bo_e_CG-FG_NH_2012-07-27/tau_1.0/mZ_50000.00/TZ_750/SB_NR4_wrefd0.1/nEX_1000/fq_10/anl/ADv_T=300.dtrj_23" "/home/yamamori/calspa/MFEP/AD//committor_test_2013-03-24_bo_e_CG-FG_NH_2012-07-27/tau_1.0/mZ_50000.00/TZ_750/SB_NR4_wrefd0.1/nEX_1000/fq_10/anl/ADv_T=300.dtrj_24" "/home/yamamori/calspa/MFEP/AD//committor_test_2013-03-24_bo_e_CG-FG_NH_2012-07-27/tau_1.0/mZ_50000.00/TZ_750/SB_NR4_wrefd0.1/nEX_1000/fq_10/anl/ADv_T=300.dtrj_25" "/home/yamamori/calspa/MFEP/AD//committor_test_2013-03-24_bo_e_CG-FG_NH_2012-07-27/tau_1.0/mZ_50000.00/TZ_750/SB_NR4_wrefd0.1/nEX_1000/fq_10/anl/ADv_T=300.dtrj_26" "/home/yamamori/calspa/MFEP/AD//committor_test_2013-03-24_bo_e_CG-FG_NH_2012-07-27/tau_1.0/mZ_50000.00/TZ_750/SB_NR4_wrefd0.1/nEX_1000/fq_10/anl/ADv_T=300.dtrj_27" "/home/yamamori/calspa/MFEP/AD//committor_test_2013-03-24_bo_e_CG-FG_NH_2012-07-27/tau_1.0/mZ_50000.00/TZ_750/SB_NR4_wrefd0.1/nEX_1000/fq_10/anl/ADv_T=300.dtrj_28" "/home/yamamori/calspa/MFEP/AD//committor_test_2013-03-24_bo_e_CG-FG_NH_2012-07-27/tau_1.0/mZ_50000.00/TZ_750/SB_NR4_wrefd0.1/nEX_1000/fq_10/anl/ADv_T=300.dtrj_29" "/home/yamamori/calspa/MFEP/AD//committor_test_2013-03-24_bo_e_CG-FG_NH_2012-07-27/tau_1.0/mZ_50000.00/TZ_750/SB_NR4_wrefd0.1/nEX_1000/fq_10/anl/ADv_T=300.dtrj_30" "/home/yamamori/calspa/MFEP/AD//committor_test_2013-03-24_bo_e_CG-FG_NH_2012-07-27/tau_1.0/mZ_50000.00/TZ_750/SB_NR4_wrefd0.1/nEX_1000/fq_10/anl/ADv_T=300.dtrj_31" "/home/yamamori/calspa/MFEP/AD//committor_test_2013-03-24_bo_e_CG-FG_NH_2012-07-27/tau_1.0/mZ_50000.00/TZ_750/SB_NR4_wrefd0.1/nEX_1000/fq_10/anl/ADv_T=300.dtrj_32" "/home/yamamori/calspa/MFEP/AD//committor_test_2013-03-24_bo_e_CG-FG_NH_2012-07-27/tau_1.0/mZ_50000.00/TZ_750/SB_NR4_wrefd0.1/nEX_1000/fq_10/anl/ADv_T=300.dtrj_33" "/home/yamamori/calspa/MFEP/AD//committor_test_2013-03-24_bo_e_CG-FG_NH_2012-07-27/tau_1.0/mZ_50000.00/TZ_750/SB_NR4_wrefd0.1/nEX_1000/fq_10/anl/ADv_T=300.dtrj_34" "/home/yamamori/calspa/MFEP/AD//committor_test_2013-03-24_bo_e_CG-FG_NH_2012-07-27/tau_1.0/mZ_50000.00/TZ_750/SB_NR4_wrefd0.1/nEX_1000/fq_10/anl/ADv_T=300.dtrj_35" "/home/yamamori/calspa/MFEP/AD//committor_test_2013-03-24_bo_e_CG-FG_NH_2012-07-27/tau_1.0/mZ_50000.00/TZ_750/SB_NR4_wrefd0.1/nEX_1000/fq_10/anl/ADv_T=300.dtrj_36" "/home/yamamori/calspa/MFEP/AD//committor_test_2013-03-24_bo_e_CG-FG_NH_2012-07-27/tau_1.0/mZ_50000.00/TZ_750/SB_NR4_wrefd0.1/nEX_1000/fq_10/anl/ADv_T=300.dtrj_37" "/home/yamamori/calspa/MFEP/AD//committor_test_2013-03-24_bo_e_CG-FG_NH_2012-07-27/tau_1.0/mZ_50000.00/TZ_750/SB_NR4_wrefd0.1/nEX_1000/fq_10/anl/ADv_T=300.dtrj_38" "/home/yamamori/calspa/MFEP/AD//committor_test_2013-03-24_bo_e_CG-FG_NH_2012-07-27/tau_1.0/mZ_50000.00/TZ_750/SB_NR4_wrefd0.1/nEX_1000/fq_10/anl/ADv_T=300.dtrj_39" "/home/yamamori/calspa/MFEP/AD//committor_test_2013-03-24_bo_e_CG-FG_NH_2012-07-27/tau_1.0/mZ_50000.00/TZ_750/SB_NR4_wrefd0.1/nEX_1000/fq_10/anl/ADv_T=300.dtrj_40" "/home/yamamori/calspa/MFEP/AD//committor_test_2013-03-24_bo_e_CG-FG_NH_2012-07-27/tau_1.0/mZ_50000.00/TZ_750/SB_NR4_wrefd0.1/nEX_1000/fq_10/anl/ADv_T=300.dtrj_41" "/home/yamamori/calspa/MFEP/AD//committor_test_2013-03-24_bo_e_CG-FG_NH_2012-07-27/tau_1.0/mZ_50000.00/TZ_750/SB_NR4_wrefd0.1/nEX_1000/fq_10/anl/ADv_T=300.dtrj_42" "/home/yamamori/calspa/MFEP/AD//committor_test_2013-03-24_bo_e_CG-FG_NH_2012-07-27/tau_1.0/mZ_50000.00/TZ_750/SB_NR4_wrefd0.1/nEX_1000/fq_10/anl/ADv_T=300.dtrj_43" "/home/yamamori/calspa/MFEP/AD//committor_test_2013-03-24_bo_e_CG-FG_NH_2012-07-27/tau_1.0/mZ_50000.00/TZ_750/SB_NR4_wrefd0.1/nEX_1000/fq_10/anl/ADv_T=300.dtrj_44" "/home/yamamori/calspa/MFEP/AD//committor_test_2013-03-24_bo_e_CG-FG_NH_2012-07-27/tau_1.0/mZ_50000.00/TZ_750/SB_NR4_wrefd0.1/nEX_1000/fq_10/anl/ADv_T=300.dtrj_45" "/home/yamamori/calspa/MFEP/AD//committor_test_2013-03-24_bo_e_CG-FG_NH_2012-07-27/tau_1.0/mZ_50000.00/TZ_750/SB_NR4_wrefd0.1/nEX_1000/fq_10/anl/ADv_T=300.dtrj_46" "/home/yamamori/calspa/MFEP/AD//committor_test_2013-03-24_bo_e_CG-FG_NH_2012-07-27/tau_1.0/mZ_50000.00/TZ_750/SB_NR4_wrefd0.1/nEX_1000/fq_10/anl/ADv_T=300.dtrj_47" "/home/yamamori/calspa/MFEP/AD//committor_test_2013-03-24_bo_e_CG-FG_NH_2012-07-27/tau_1.0/mZ_50000.00/TZ_750/SB_NR4_wrefd0.1/nEX_1000/fq_10/anl/ADv_T=300.dtrj_48" 