name.path <- c("/home/yamamori/calspa/MFEP/MetEnk/committor_test_2013-04-10_bo_e_CG-FG_NH_2012-07-27/MetEnkv_TS_0.132-0.090.crd_8_4/anl/MetEnkv_T=300.ddist_1", "/home/yamamori/calspa/MFEP/MetEnk/committor_test_2013-04-10_bo_e_CG-FG_NH_2012-07-27/MetEnkv_TS_0.132-0.090.crd_8_4/anl/MetEnkv_T=300.ddist_2", "/home/yamamori/calspa/MFEP/MetEnk/committor_test_2013-04-10_bo_e_CG-FG_NH_2012-07-27/MetEnkv_TS_0.132-0.090.crd_8_4/anl/MetEnkv_T=300.ddist_3", "/home/yamamori/calspa/MFEP/MetEnk/committor_test_2013-04-10_bo_e_CG-FG_NH_2012-07-27/MetEnkv_TS_0.132-0.090.crd_8_4/anl/MetEnkv_T=300.ddist_4", "/home/yamamori/calspa/MFEP/MetEnk/committor_test_2013-04-10_bo_e_CG-FG_NH_2012-07-27/MetEnkv_TS_0.132-0.090.crd_8_4/anl/MetEnkv_T=300.ddist_5", "/home/yamamori/calspa/MFEP/MetEnk/committor_test_2013-04-10_bo_e_CG-FG_NH_2012-07-27/MetEnkv_TS_0.132-0.090.crd_8_4/anl/MetEnkv_T=300.ddist_6", "/home/yamamori/calspa/MFEP/MetEnk/committor_test_2013-04-10_bo_e_CG-FG_NH_2012-07-27/MetEnkv_TS_0.132-0.090.crd_8_4/anl/MetEnkv_T=300.ddist_7", "/home/yamamori/calspa/MFEP/MetEnk/committor_test_2013-04-10_bo_e_CG-FG_NH_2012-07-27/MetEnkv_TS_0.132-0.090.crd_8_4/anl/MetEnkv_T=300.ddist_8", "/home/yamamori/calspa/MFEP/MetEnk/committor_test_2013-04-10_bo_e_CG-FG_NH_2012-07-27/MetEnkv_TS_0.132-0.090.crd_8_4/anl/MetEnkv_T=300.ddist_9", "/home/yamamori/calspa/MFEP/MetEnk/committor_test_2013-04-10_bo_e_CG-FG_NH_2012-07-27/MetEnkv_TS_0.132-0.090.crd_8_4/anl/MetEnkv_T=300.ddist_10", "/home/yamamori/calspa/MFEP/MetEnk/committor_test_2013-04-10_bo_e_CG-FG_NH_2012-07-27/MetEnkv_TS_0.132-0.090.crd_8_4/anl/MetEnkv_T=300.ddist_11", "/home/yamamori/calspa/MFEP/MetEnk/committor_test_2013-04-10_bo_e_CG-FG_NH_2012-07-27/MetEnkv_TS_0.132-0.090.crd_8_4/anl/MetEnkv_T=300.ddist_12", "/home/yamamori/calspa/MFEP/MetEnk/committor_test_2013-04-10_bo_e_CG-FG_NH_2012-07-27/MetEnkv_TS_0.132-0.090.crd_8_4/anl/MetEnkv_T=300.ddist_13", "/home/yamamori/calspa/MFEP/MetEnk/committor_test_2013-04-10_bo_e_CG-FG_NH_2012-07-27/MetEnkv_TS_0.132-0.090.crd_8_4/anl/MetEnkv_T=300.ddist_14", "/home/yamamori/calspa/MFEP/MetEnk/committor_test_2013-04-10_bo_e_CG-FG_NH_2012-07-27/MetEnkv_TS_0.132-0.090.crd_8_4/anl/MetEnkv_T=300.ddist_15", "/home/yamamori/calspa/MFEP/MetEnk/committor_test_2013-04-10_bo_e_CG-FG_NH_2012-07-27/MetEnkv_TS_0.132-0.090.crd_8_4/anl/MetEnkv_T=300.ddist_16", "/home/yamamori/calspa/MFEP/MetEnk/committor_test_2013-04-10_bo_e_CG-FG_NH_2012-07-27/MetEnkv_TS_0.132-0.090.crd_8_4/anl/MetEnkv_T=300.ddist_17", "/home/yamamori/calspa/MFEP/MetEnk/committor_test_2013-04-10_bo_e_CG-FG_NH_2012-07-27/MetEnkv_TS_0.132-0.090.crd_8_4/anl/MetEnkv_T=300.ddist_18", "/home/yamamori/calspa/MFEP/MetEnk/committor_test_2013-04-10_bo_e_CG-FG_NH_2012-07-27/MetEnkv_TS_0.132-0.090.crd_8_4/anl/MetEnkv_T=300.ddist_19", "/home/yamamori/calspa/MFEP/MetEnk/committor_test_2013-04-10_bo_e_CG-FG_NH_2012-07-27/MetEnkv_TS_0.132-0.090.crd_8_4/anl/MetEnkv_T=300.ddist_20", "/home/yamamori/calspa/MFEP/MetEnk/committor_test_2013-04-10_bo_e_CG-FG_NH_2012-07-27/MetEnkv_TS_0.132-0.090.crd_8_4/anl/MetEnkv_T=300.ddist_21", "/home/yamamori/calspa/MFEP/MetEnk/committor_test_2013-04-10_bo_e_CG-FG_NH_2012-07-27/MetEnkv_TS_0.132-0.090.crd_8_4/anl/MetEnkv_T=300.ddist_22", "/home/yamamori/calspa/MFEP/MetEnk/committor_test_2013-04-10_bo_e_CG-FG_NH_2012-07-27/MetEnkv_TS_0.132-0.090.crd_8_4/anl/MetEnkv_T=300.ddist_23", "/home/yamamori/calspa/MFEP/MetEnk/committor_test_2013-04-10_bo_e_CG-FG_NH_2012-07-27/MetEnkv_TS_0.132-0.090.crd_8_4/anl/MetEnkv_T=300.ddist_24", "/home/yamamori/calspa/MFEP/MetEnk/committor_test_2013-04-10_bo_e_CG-FG_NH_2012-07-27/MetEnkv_TS_0.132-0.090.crd_8_4/anl/MetEnkv_T=300.ddist_25", "/home/yamamori/calspa/MFEP/MetEnk/committor_test_2013-04-10_bo_e_CG-FG_NH_2012-07-27/MetEnkv_TS_0.132-0.090.crd_8_4/anl/MetEnkv_T=300.ddist_26", "/home/yamamori/calspa/MFEP/MetEnk/committor_test_2013-04-10_bo_e_CG-FG_NH_2012-07-27/MetEnkv_TS_0.132-0.090.crd_8_4/anl/MetEnkv_T=300.ddist_27", "/home/yamamori/calspa/MFEP/MetEnk/committor_test_2013-04-10_bo_e_CG-FG_NH_2012-07-27/MetEnkv_TS_0.132-0.090.crd_8_4/anl/MetEnkv_T=300.ddist_28", "/home/yamamori/calspa/MFEP/MetEnk/committor_test_2013-04-10_bo_e_CG-FG_NH_2012-07-27/MetEnkv_TS_0.132-0.090.crd_8_4/anl/MetEnkv_T=300.ddist_29", "/home/yamamori/calspa/MFEP/MetEnk/committor_test_2013-04-10_bo_e_CG-FG_NH_2012-07-27/MetEnkv_TS_0.132-0.090.crd_8_4/anl/MetEnkv_T=300.ddist_30", "/home/yamamori/calspa/MFEP/MetEnk/committor_test_2013-04-10_bo_e_CG-FG_NH_2012-07-27/MetEnkv_TS_0.132-0.090.crd_8_4/anl/MetEnkv_T=300.ddist_31", "/home/yamamori/calspa/MFEP/MetEnk/committor_test_2013-04-10_bo_e_CG-FG_NH_2012-07-27/MetEnkv_TS_0.132-0.090.crd_8_4/anl/MetEnkv_T=300.ddist_32", "/home/yamamori/calspa/MFEP/MetEnk/committor_test_2013-04-10_bo_e_CG-FG_NH_2012-07-27/MetEnkv_TS_0.132-0.090.crd_8_4/anl/MetEnkv_T=300.ddist_33", "/home/yamamori/calspa/MFEP/MetEnk/committor_test_2013-04-10_bo_e_CG-FG_NH_2012-07-27/MetEnkv_TS_0.132-0.090.crd_8_4/anl/MetEnkv_T=300.ddist_34", "/home/yamamori/calspa/MFEP/MetEnk/committor_test_2013-04-10_bo_e_CG-FG_NH_2012-07-27/MetEnkv_TS_0.132-0.090.crd_8_4/anl/MetEnkv_T=300.ddist_35", "/home/yamamori/calspa/MFEP/MetEnk/committor_test_2013-04-10_bo_e_CG-FG_NH_2012-07-27/MetEnkv_TS_0.132-0.090.crd_8_4/anl/MetEnkv_T=300.ddist_36", "/home/yamamori/calspa/MFEP/MetEnk/committor_test_2013-04-10_bo_e_CG-FG_NH_2012-07-27/MetEnkv_TS_0.132-0.090.crd_8_4/anl/MetEnkv_T=300.ddist_37", "/home/yamamori/calspa/MFEP/MetEnk/committor_test_2013-04-10_bo_e_CG-FG_NH_2012-07-27/MetEnkv_TS_0.132-0.090.crd_8_4/anl/MetEnkv_T=300.ddist_38", "/home/yamamori/calspa/MFEP/MetEnk/committor_test_2013-04-10_bo_e_CG-FG_NH_2012-07-27/MetEnkv_TS_0.132-0.090.crd_8_4/anl/MetEnkv_T=300.ddist_39", "/home/yamamori/calspa/MFEP/MetEnk/committor_test_2013-04-10_bo_e_CG-FG_NH_2012-07-27/MetEnkv_TS_0.132-0.090.crd_8_4/anl/MetEnkv_T=300.ddist_40", "/home/yamamori/calspa/MFEP/MetEnk/committor_test_2013-04-10_bo_e_CG-FG_NH_2012-07-27/MetEnkv_TS_0.132-0.090.crd_8_4/anl/MetEnkv_T=300.ddist_41", "/home/yamamori/calspa/MFEP/MetEnk/committor_test_2013-04-10_bo_e_CG-FG_NH_2012-07-27/MetEnkv_TS_0.132-0.090.crd_8_4/anl/MetEnkv_T=300.ddist_42", "/home/yamamori/calspa/MFEP/MetEnk/committor_test_2013-04-10_bo_e_CG-FG_NH_2012-07-27/MetEnkv_TS_0.132-0.090.crd_8_4/anl/MetEnkv_T=300.ddist_43", "/home/yamamori/calspa/MFEP/MetEnk/committor_test_2013-04-10_bo_e_CG-FG_NH_2012-07-27/MetEnkv_TS_0.132-0.090.crd_8_4/anl/MetEnkv_T=300.ddist_44", "/home/yamamori/calspa/MFEP/MetEnk/committor_test_2013-04-10_bo_e_CG-FG_NH_2012-07-27/MetEnkv_TS_0.132-0.090.crd_8_4/anl/MetEnkv_T=300.ddist_45", "/home/yamamori/calspa/MFEP/MetEnk/committor_test_2013-04-10_bo_e_CG-FG_NH_2012-07-27/MetEnkv_TS_0.132-0.090.crd_8_4/anl/MetEnkv_T=300.ddist_46", "/home/yamamori/calspa/MFEP/MetEnk/committor_test_2013-04-10_bo_e_CG-FG_NH_2012-07-27/MetEnkv_TS_0.132-0.090.crd_8_4/anl/MetEnkv_T=300.ddist_47", "/home/yamamori/calspa/MFEP/MetEnk/committor_test_2013-04-10_bo_e_CG-FG_NH_2012-07-27/MetEnkv_TS_0.132-0.090.crd_8_4/anl/MetEnkv_T=300.ddist_48", "/home/yamamori/calspa/MFEP/MetEnk/committor_test_2013-04-10_bo_e_CG-FG_NH_2012-07-27/MetEnkv_TS_0.132-0.090.crd_8_4/anl/MetEnkv_T=300.ddist_49", "/home/yamamori/calspa/MFEP/MetEnk/committor_test_2013-04-10_bo_e_CG-FG_NH_2012-07-27/MetEnkv_TS_0.132-0.090.crd_8_4/anl/MetEnkv_T=300.ddist_50", "/home/yamamori/calspa/MFEP/MetEnk/committor_test_2013-04-10_bo_e_CG-FG_NH_2012-07-27/MetEnkv_TS_0.132-0.090.crd_8_4/anl/MetEnkv_T=300.ddist_51", "/home/yamamori/calspa/MFEP/MetEnk/committor_test_2013-04-10_bo_e_CG-FG_NH_2012-07-27/MetEnkv_TS_0.132-0.090.crd_8_4/anl/MetEnkv_T=300.ddist_52", "/home/yamamori/calspa/MFEP/MetEnk/committor_test_2013-04-10_bo_e_CG-FG_NH_2012-07-27/MetEnkv_TS_0.132-0.090.crd_8_4/anl/MetEnkv_T=300.ddist_53", "/home/yamamori/calspa/MFEP/MetEnk/committor_test_2013-04-10_bo_e_CG-FG_NH_2012-07-27/MetEnkv_TS_0.132-0.090.crd_8_4/anl/MetEnkv_T=300.ddist_54", 