name.path <- c("/home/yamamori/calspa/MFEP/AD//committor_test_2013-03-24_bo_e_CG-FG_NH_2012-07-27/tau_1.0/mZ_100.00/TZ_750/SB_KZMAX=5000_NR8-2_woeljd0.001/nEX_1000/fq_10/ADv_TS_-0.175-0.290.crd_1_1/anl/ADv_T=300.dtrj_1_L_ave_2", "/home/yamamori/calspa/MFEP/AD//committor_test_2013-03-24_bo_e_CG-FG_NH_2012-07-27/tau_1.0/mZ_100.00/TZ_750/SB_KZMAX=5000_NR8-2_woeljd0.001/nEX_1000/fq_10/ADv_TS_-0.175-0.290.crd_1_1/anl/ADv_T=300.dtrj_2_L_ave_2", "/home/yamamori/calspa/MFEP/AD//committor_test_2013-03-24_bo_e_CG-FG_NH_2012-07-27/tau_1.0/mZ_100.00/TZ_750/SB_KZMAX=5000_NR8-2_woeljd0.001/nEX_1000/fq_10/ADv_TS_-0.175-0.290.crd_1_1/anl/ADv_T=300.dtrj_3_L_ave_2", "/home/yamamori/calspa/MFEP/AD//committor_test_2013-03-24_bo_e_CG-FG_NH_2012-07-27/tau_1.0/mZ_100.00/TZ_750/SB_KZMAX=5000_NR8-2_woeljd0.001/nEX_1000/fq_10/ADv_TS_-0.175-0.290.crd_1_1/anl/ADv_T=300.dtrj_4_L_ave_2", "/home/yamamori/calspa/MFEP/AD//committor_test_2013-03-24_bo_e_CG-FG_NH_2012-07-27/tau_1.0/mZ_100.00/TZ_750/SB_KZMAX=5000_NR8-2_woeljd0.001/nEX_1000/fq_10/ADv_TS_-0.175-0.290.crd_1_1/anl/ADv_T=300.dtrj_5_L_ave_2", "/home/yamamori/calspa/MFEP/AD//committor_test_2013-03-24_bo_e_CG-FG_NH_2012-07-27/tau_1.0/mZ_100.00/TZ_750/SB_KZMAX=5000_NR8-2_woeljd0.001/nEX_1000/fq_10/ADv_TS_-0.175-0.290.crd_1_1/anl/ADv_T=300.dtrj_6_L_ave_2", "/home/yamamori/calspa/MFEP/AD//committor_test_2013-03-24_bo_e_CG-FG_NH_2012-07-27/tau_1.0/mZ_100.00/TZ_750/SB_KZMAX=5000_NR8-2_woeljd0.001/nEX_1000/fq_10/ADv_TS_-0.175-0.290.crd_1_1/anl/ADv_T=300.dtrj_7_L_ave_2", "/home/yamamori/calspa/MFEP/AD//committor_test_2013-03-24_bo_e_CG-FG_NH_2012-07-27/tau_1.0/mZ_100.00/TZ_750/SB_KZMAX=5000_NR8-2_woeljd0.001/nEX_1000/fq_10/ADv_TS_-0.175-0.290.crd_1_1/anl/ADv_T=300.dtrj_8_L_ave_2", "/home/yamamori/calspa/MFEP/AD//committor_test_2013-03-24_bo_e_CG-FG_NH_2012-07-27/tau_1.0/mZ_100.00/TZ_750/SB_KZMAX=5000_NR8-2_woeljd0.001/nEX_1000/fq_10/ADv_TS_-0.175-0.290.crd_1_1/anl/ADv_T=300.dtrj_9_L_ave_2", "/home/yamamori/calspa/MFEP/AD//committor_test_2013-03-24_bo_e_CG-FG_NH_2012-07-27/tau_1.0/mZ_100.00/TZ_750/SB_KZMAX=5000_NR8-2_woeljd0.001/nEX_1000/fq_10/ADv_TS_-0.175-0.290.crd_1_1/anl/ADv_T=300.dtrj_10_L_ave_2", "/home/yamamori/calspa/MFEP/AD//committor_test_2013-03-24_bo_e_CG-FG_NH_2012-07-27/tau_1.0/mZ_100.00/TZ_750/SB_KZMAX=5000_NR8-2_woeljd0.001/nEX_1000/fq_10/ADv_TS_-0.175-0.290.crd_1_1/anl/ADv_T=300.dtrj_11_L_ave_2", "/home/yamamori/calspa/MFEP/AD//committor_test_2013-03-24_bo_e_CG-FG_NH_2012-07-27/tau_1.0/mZ_100.00/TZ_750/SB_KZMAX=5000_NR8-2_woeljd0.001/nEX_1000/fq_10/ADv_TS_-0.175-0.290.crd_1_1/anl/ADv_T=300.dtrj_12_L_ave_2", "/home/yamamori/calspa/MFEP/AD//committor_test_2013-03-24_bo_e_CG-FG_NH_2012-07-27/tau_1.0/mZ_100.00/TZ_750/SB_KZMAX=5000_NR8-2_woeljd0.001/nEX_1000/fq_10/ADv_TS_-0.175-0.290.crd_1_1/anl/ADv_T=300.dtrj_13_L_ave_2", "/home/yamamori/calspa/MFEP/AD//committor_test_2013-03-24_bo_e_CG-FG_NH_2012-07-27/tau_1.0/mZ_100.00/TZ_750/SB_KZMAX=5000_NR8-2_woeljd0.001/nEX_1000/fq_10/ADv_TS_-0.175-0.290.crd_1_1/anl/ADv_T=300.dtrj_14_L_ave_2", "/home/yamamori/calspa/MFEP/AD//committor_test_2013-03-24_bo_e_CG-FG_NH_2012-07-27/tau_1.0/mZ_100.00/TZ_750/SB_KZMAX=5000_NR8-2_woeljd0.001/nEX_1000/fq_10/ADv_TS_-0.175-0.290.crd_1_1/anl/ADv_T=300.dtrj_15_L_ave_2", "/home/yamamori/calspa/MFEP/AD//committor_test_2013-03-24_bo_e_CG-FG_NH_2012-07-27/tau_1.0/mZ_100.00/TZ_750/SB_KZMAX=5000_NR8-2_woeljd0.001/nEX_1000/fq_10/ADv_TS_-0.175-0.290.crd_1_1/anl/ADv_T=300.dtrj_16_L_ave_2", "/home/yamamori/calspa/MFEP/AD//committor_test_2013-03-24_bo_e_CG-FG_NH_2012-07-27/tau_1.0/mZ_100.00/TZ_750/SB_KZMAX=5000_NR8-2_woeljd0.001/nEX_1000/fq_10/ADv_TS_-0.175-0.290.crd_1_1/anl/ADv_T=300.dtrj_17_L_ave_2", "/home/yamamori/calspa/MFEP/AD//committor_test_2013-03-24_bo_e_CG-FG_NH_2012-07-27/tau_1.0/mZ_100.00/TZ_750/SB_KZMAX=5000_NR8-2_woeljd0.001/nEX_1000/fq_10/ADv_TS_-0.175-0.290.crd_1_1/anl/ADv_T=300.dtrj_18_L_ave_2", "/home/yamamori/calspa/MFEP/AD//committor_test_2013-03-24_bo_e_CG-FG_NH_2012-07-27/tau_1.0/mZ_100.00/TZ_750/SB_KZMAX=5000_NR8-2_woeljd0.001/nEX_1000/fq_10/ADv_TS_-0.175-0.290.crd_1_1/anl/ADv_T=300.dtrj_19_L_ave_2", "/home/yamamori/calspa/MFEP/AD//committor_test_2013-03-24_bo_e_CG-FG_NH_2012-07-27/tau_1.0/mZ_100.00/TZ_750/SB_KZMAX=5000_NR8-2_woeljd0.001/nEX_1000/fq_10/ADv_TS_-0.175-0.290.crd_1_1/anl/ADv_T=300.dtrj_20_L_ave_2", "/home/yamamori/calspa/MFEP/AD//committor_test_2013-03-24_bo_e_CG-FG_NH_2012-07-27/tau_1.0/mZ_100.00/TZ_750/SB_KZMAX=5000_NR8-2_woeljd0.001/nEX_1000/fq_10/ADv_TS_-0.175-0.290.crd_1_1/anl/ADv_T=300.dtrj_21_L_ave_2", "/home/yamamori/calspa/MFEP/AD//committor_test_2013-03-24_bo_e_CG-FG_NH_2012-07-27/tau_1.0/mZ_100.00/TZ_750/SB_KZMAX=5000_NR8-2_woeljd0.001/nEX_1000/fq_10/ADv_TS_-0.175-0.290.crd_1_1/anl/ADv_T=300.dtrj_22_L_ave_2", "/home/yamamori/calspa/MFEP/AD//committor_test_2013-03-24_bo_e_CG-FG_NH_2012-07-27/tau_1.0/mZ_100.00/TZ_750/SB_KZMAX=5000_NR8-2_woeljd0.001/nEX_1000/fq_10/ADv_TS_-0.175-0.290.crd_1_1/anl/ADv_T=300.dtrj_23_L_ave_2", "/home/yamamori/calspa/MFEP/AD//committor_test_2013-03-24_bo_e_CG-FG_NH_2012-07-27/tau_1.0/mZ_100.00/TZ_750/SB_KZMAX=5000_NR8-2_woeljd0.001/nEX_1000/fq_10/ADv_TS_-0.175-0.290.crd_1_1/anl/ADv_T=300.dtrj_24_L_ave_2", "/home/yamamori/calspa/MFEP/AD//committor_test_2013-03-24_bo_e_CG-FG_NH_2012-07-27/tau_1.0/mZ_100.00/TZ_750/SB_KZMAX=5000_NR8-2_woeljd0.001/nEX_1000/fq_10/ADv_TS_-0.175-0.290.crd_1_1/anl/ADv_T=300.dtrj_25_L_ave_2", "/home/yamamori/calspa/MFEP/AD//committor_test_2013-03-24_bo_e_CG-FG_NH_2012-07-27/tau_1.0/mZ_100.00/TZ_750/SB_KZMAX=5000_NR8-2_woeljd0.001/nEX_1000/fq_10/ADv_TS_-0.175-0.290.crd_1_1/anl/ADv_T=300.dtrj_26_L_ave_2", "/home/yamamori/calspa/MFEP/AD//committor_test_2013-03-24_bo_e_CG-FG_NH_2012-07-27/tau_1.0/mZ_100.00/TZ_750/SB_KZMAX=5000_NR8-2_woeljd0.001/nEX_1000/fq_10/ADv_TS_-0.175-0.290.crd_1_1/anl/ADv_T=300.dtrj_27_L_ave_2", "/home/yamamori/calspa/MFEP/AD//committor_test_2013-03-24_bo_e_CG-FG_NH_2012-07-27/tau_1.0/mZ_100.00/TZ_750/SB_KZMAX=5000_NR8-2_woeljd0.001/nEX_1000/fq_10/ADv_TS_-0.175-0.290.crd_1_1/anl/ADv_T=300.dtrj_28_L_ave_2", "/home/yamamori/calspa/MFEP/AD//committor_test_2013-03-24_bo_e_CG-FG_NH_2012-07-27/tau_1.0/mZ_100.00/TZ_750/SB_KZMAX=5000_NR8-2_woeljd0.001/nEX_1000/fq_10/ADv_TS_-0.175-0.290.crd_1_1/anl/ADv_T=300.dtrj_29_L_ave_2", "/home/yamamori/calspa/MFEP/AD//committor_test_2013-03-24_bo_e_CG-FG_NH_2012-07-27/tau_1.0/mZ_100.00/TZ_750/SB_KZMAX=5000_NR8-2_woeljd0.001/nEX_1000/fq_10/ADv_TS_-0.175-0.290.crd_1_1/anl/ADv_T=300.dtrj_30_L_ave_2", "/home/yamamori/calspa/MFEP/AD//committor_test_2013-03-24_bo_e_CG-FG_NH_2012-07-27/tau_1.0/mZ_100.00/TZ_750/SB_KZMAX=5000_NR8-2_woeljd0.001/nEX_1000/fq_10/ADv_TS_-0.175-0.290.crd_1_1/anl/ADv_T=300.dtrj_31_L_ave_2", "/home/yamamori/calspa/MFEP/AD//committor_test_2013-03-24_bo_e_CG-FG_NH_2012-07-27/tau_1.0/mZ_100.00/TZ_750/SB_KZMAX=5000_NR8-2_woeljd0.001/nEX_1000/fq_10/ADv_TS_-0.175-0.290.crd_1_1/anl/ADv_T=300.dtrj_32_L_ave_2", "/home/yamamori/calspa/MFEP/AD//committor_test_2013-03-24_bo_e_CG-FG_NH_2012-07-27/tau_1.0/mZ_100.00/TZ_750/SB_KZMAX=5000_NR8-2_woeljd0.001/nEX_1000/fq_10/ADv_TS_-0.175-0.290.crd_1_1/anl/ADv_T=300.dtrj_33_L_ave_2", "/home/yamamori/calspa/MFEP/AD//committor_test_2013-03-24_bo_e_CG-FG_NH_2012-07-27/tau_1.0/mZ_100.00/TZ_750/SB_KZMAX=5000_NR8-2_woeljd0.001/nEX_1000/fq_10/ADv_TS_-0.175-0.290.crd_1_1/anl/ADv_T=300.dtrj_34_L_ave_2", "/home/yamamori/calspa/MFEP/AD//committor_test_2013-03-24_bo_e_CG-FG_NH_2012-07-27/tau_1.0/mZ_100.00/TZ_750/SB_KZMAX=5000_NR8-2_woeljd0.001/nEX_1000/fq_10/ADv_TS_-0.175-0.290.crd_1_1/anl/ADv_T=300.dtrj_35_L_ave_2", "/home/yamamori/calspa/MFEP/AD//committor_test_2013-03-24_bo_e_CG-FG_NH_2012-07-27/tau_1.0/mZ_100.00/TZ_750/SB_KZMAX=5000_NR8-2_woeljd0.001/nEX_1000/fq_10/ADv_TS_-0.175-0.290.crd_1_1/anl/ADv_T=300.dtrj_36_L_ave_2", "/home/yamamori/calspa/MFEP/AD//committor_test_2013-03-24_bo_e_CG-FG_NH_2012-07-27/tau_1.0/mZ_100.00/TZ_750/SB_KZMAX=5000_NR8-2_woeljd0.001/nEX_1000/fq_10/ADv_TS_-0.175-0.290.crd_1_1/anl/ADv_T=300.dtrj_37_L_ave_2", 